# Single SKU Max Power Table
# |CCK 1~11 | |    OFDM 6 ~ 54      | |             HT20 MCS 0 ~ 15                 | |             HT40 MCS 0 ~ 15                 |
ch1 24 24 24 24 24 24 24 24 22 22 20 20 24 24 22 22 20 20 18 18 24 24 22 22 20 20 18 18 
ch2 24 24 24 24 24 24 24 24 22 22 20 20 24 24 22 22 20 20 18 18 24 24 22 22 20 20 18 18 
ch3 24 24 24 24 24 24 24 24 22 22 20 20 24 24 22 22 20 20 18 18 24 24 22 22 20 20 18 18 24 24 22 22 20 20 18 18 24 24 22 22 20 20 18 18
ch4 24 24 24 24 24 24 24 24 22 22 20 20 24 24 22 22 20 20 18 18 24 24 22 22 20 20 18 18 24 24 22 22 20 20 18 18 24 24 22 22 20 20 18 18
ch5 24 24 24 24 24 24 24 24 22 22 20 20 24 24 22 22 20 20 18 18 24 24 22 22 20 20 18 18 24 24 22 22 20 20 18 18 24 24 22 22 20 20 18 18
ch6 24 24 24 24 24 24 24 24 22 22 20 20 24 24 22 22 20 20 18 18 24 24 22 22 20 20 18 18 24 24 22 22 20 20 18 18 24 24 22 22 20 20 18 18
ch7 24 24 24 24 24 24 24 24 22 22 20 20 24 24 22 22 20 20 18 18 24 24 22 22 20 20 18 18 24 24 22 22 20 20 18 18 24 24 22 22 20 20 18 18
ch8 24 24 24 24 24 24 24 24 22 22 20 20 24 24 22 22 20 20 18 18 24 24 22 22 20 20 18 18 24 24 22 22 20 20 18 18 24 24 22 22 20 20 18 18
ch9 24 24 24 24 24 24 24 24 22 22 20 20 24 24 22 22 20 20 18 18 24 24 22 22 20 20 18 18 24 24 22 22 20 20 18 18 24 24 22 22 20 20 18 18
ch10 24 24 24 24 24 24 24 24 22 22 20 20 24 24 22 22 20 20 18 18 24 24 22 22 20 20 18 18  
ch11 24 24 24 24 24 24 24 24 22 22 20 20 24 24 22 22 20 20 18 18 24 24 22 22 20 20 18 18 
ch12
ch13
ch14

#   OFDM 6 ~ 54              | |                       HT20 MCS 0 ~ 15                       | |                   HT40 MCS 0 ~ 15                             | |               VHT80 MCS 0 ~ 9             |
ch36 13 13 13 13 13 13 13 13 13 13 13 13 13 13 13 13 13 13 13 13 13 13 13 13 13 13 13 13 13 13 13 13 13 13 13 13 13 13 13 13 13 13 13 13 13 13 13 13 13 13 
ch38 13 13 13 13 13 13 13 13 13 13 13 13 13 13 13 13 13 13 13 13 13 13 13 13 13 13 13 13 13 13 13 13 13 13 13 13 13 13 13 13 13 13 13 13 13 13 13 13 13 13 
ch40 13 13 13 13 13 13 13 13 13 13 13 13 13 13 13 13 13 13 13 13 13 13 13 13 13 13 13 13 13 13 13 13 13 13 13 13 13 13 13 13 13 13 13 13 13 13 13 13 13 13 
ch42 13 13 13 13 13 13 13 13 13 13 13 13 13 13 13 13 13 13 13 13 13 13 13 13 13 13 13 13 13 13 13 13 13 13 13 13 13 13 13 13 13 13 13 13 13 13 13 13 13 13 
ch44 13 13 13 13 13 13 13 13 13 13 13 13 13 13 13 13 13 13 13 13 13 13 13 13 13 13 13 13 13 13 13 13 13 13 13 13 13 13 13 13 13 13 13 13 13 13 13 13 13 13 
ch46 13 13 13 13 13 13 13 13 13 13 13 13 13 13 13 13 13 13 13 13 13 13 13 13 13 13 13 13 13 13 13 13 13 13 13 13 13 13 13 13 13 13 13 13 13 13 13 13 13 13 
ch48 13 13 13 13 13 13 13 13 13 13 13 13 13 13 13 13 13 13 13 13 13 13 13 13 13 13 13 13 13 13 13 13 13 13 13 13 13 13 13 13 13 13 13 13 13 13 13 13 13 13 
ch52 15 15 15 15 15 15 15 15 15 15 15 15 15 15 15 15 15 15 15 15 15 15 15 15 15 15 15 15 15 15 15 15 15 15 15 15 15 15 15 15 13 13 13 13 13 13 13 13 13 13
ch54 15 15 15 15 15 15 15 15 15 15 15 15 15 15 15 15 15 15 15 15 15 15 15 15 15 15 15 15 15 15 15 15 15 15 15 15 15 15 15 15 13 13 13 13 13 13 13 13 13 13
ch56 15 15 15 15 15 15 15 15 15 15 15 15 15 15 15 15 15 15 15 15 15 15 15 15 15 15 15 15 15 15 15 15 15 15 15 15 15 15 15 15 13 13 13 13 13 13 13 13 13 13
ch58 15 15 15 15 15 15 15 15 15 15 15 15 15 15 15 15 15 15 15 15 15 15 15 15 15 15 15 15 15 15 15 15 15 15 15 15 15 15 15 15 13 13 13 13 13 13 13 13 13 13
ch60 15 15 15 15 15 15 15 15 15 15 15 15 15 15 15 15 15 15 15 15 15 15 15 15 13 13 13 13 13 13 13 13 13 13 13 13 13 13 13 13 13 13 13 13 13 13 13 13 13 13
ch62 15 15 15 15 15 15 15 15 15 15 15 15 15 15 15 15 15 15 15 15 15 15 15 15 13 13 13 13 13 13 13 13 13 13 13 13 13 13 13 13 13 13 13 13 13 13 13 13 13 13
ch64 13 13 13 13 13 13 13 13 13 13 13 13 13 13 13 13 13 13 13 13 13 13 13 13 13 13 13 13 13 13 13 13 13 13 13 13 13 13 13 13 13 13 13 13 13 13 13 13 13 13 
ch100 13 13 13 13 13 13 13 13 13 13 13 13 13 13 13 13 13 13 13 13 13 13 13 13 13 13 13 13 13 13 13 13 13 13 13 13 13 13 13 13 13 13 13 13 13 13 13 13 13 13
ch102 18 18 18 18 18 18 18 18 18 18 18 18 18 18 18 18 18 18 18 18 18 18 18 18 13 13 13 13 13 13 13 13 13 13 13 13 13 13 13 13 13 13 13 13 13 13 13 13 13 13
ch104 18 18 18 18 18 18 18 18 18 18 18 18 18 18 18 18 18 18 18 18 18 18 18 18 13 13 13 13 13 13 13 13 13 13 13 13 13 13 13 13 13 13 13 13 13 13 13 13 13 13
ch106 18 18 18 18 18 18 18 18 18 18 18 18 18 18 18 18 18 18 18 18 18 18 18 18 18 18 18 18 18 18 18 18 18 18 18 18 18 18 18 18 13 13 13 13 13 13 13 13 13 13
ch108 18 18 18 18 18 18 18 18 18 18 18 18 18 18 18 18 18 18 18 18 18 18 18 18 18 18 18 18 18 18 18 18 18 18 18 18 18 18 18 18 13 13 13 13 13 13 13 13 13 13
ch110 18 18 18 18 18 18 18 18 18 18 18 18 18 18 18 18 18 18 18 18 18 18 18 18 18 18 18 18 18 18 18 18 18 18 18 18 18 18 18 18 13 13 13 13 13 13 13 13 13 13
ch112 18 18 18 18 18 18 18 18 18 18 18 18 18 18 18 18 18 18 18 18 18 18 18 18 18 18 18 18 18 18 18 18 18 18 18 18 18 18 18 18 13 13 13 13 13 13 13 13 13 13
ch116 18 18 18 18 18 18 18 18 18 18 18 18 18 18 18 18 18 18 18 18 18 18 18 18 18 18 18 18 18 18 18 18 18 18 18 18 18 18 18 18 18 18 18 18 18 18 18 18 18 18
ch118 18 18 18 18 18 18 18 18 18 18 18 18 18 18 18 18 18 18 18 18 18 18 18 18 18 18 18 18 18 18 18 18 18 18 18 18 18 18 18 18 18 18 18 18 18 18 18 18 18 18
ch120 18 18 18 18 18 18 18 18 18 18 18 18 18 18 18 18 18 18 18 18 18 18 18 18 18 18 18 18 18 18 18 18 18 18 18 18 18 18 18 18 18 18 18 18 18 18 18 18 18 18
ch122 18 18 18 18 18 18 18 18 18 18 18 18 18 18 18 18 18 18 18 18 18 18 18 18 18 18 18 18 18 18 18 18 18 18 18 18 18 18 18 18 18 18 18 18 18 18 18 18 18 18
ch124 18 18 18 18 18 18 18 18 18 18 18 18 18 18 18 18 18 18 18 18 18 18 18 18 18 18 18 18 18 18 18 18 18 18 18 18 18 18 18 18 18 18 18 18 18 18 18 18 18 18
ch126 18 18 18 18 18 18 18 18 18 18 18 18 18 18 18 18 18 18 18 18 18 18 18 18 18 18 18 18 18 18 18 18 18 18 18 18 18 18 18 18 18 18 18 18 18 18 18 18 18 18
ch128 18 18 18 18 18 18 18 18 18 18 18 18 18 18 18 18 18 18 18 18 18 18 18 18 18 18 18 18 18 18 18 18 18 18 18 18 18 18 18 18 18 18 18 18 18 18 18 18 18 18
ch132 18 18 18 18 18 18 18 18 18 18 18 18 18 18 18 18 18 18 18 18 18 18 18 18 13 13 13 13 13 13 13 13 13 13 13 13 13 13 13 13 18 18 18 18 18 18 18 18 18 18
ch134 18 18 18 18 18 18 18 18 18 18 18 18 18 18 18 18 18 18 18 18 18 18 18 18 13 13 13 13 13 13 13 13 13 13 13 13 13 13 13 13 18 18 18 18 18 18 18 18 18 18
ch136 18 18 18 18 18 18 18 18 18 18 18 18 18 18 18 18 18 18 18 18 18 18 18 18 13 13 13 13 13 13 13 13 13 13 13 13 13 13 13 13 18 18 18 18 18 18 18 18 18 18
ch140 13 13 13 13 13 13 13 13 13 13 13 13 13 13 13 13 13 13 13 13 13 13 13 13 18 18 18 18 18 18 18 18 18 18 18 18 18 18 18 18 18 18 18 18 18 18 18 18 18 18
ch149 21 21 21 21 19 19 19 19 21 21 21 21 19 19 19 19 21 21 21 21 19 19 19 19 21 21 21 21 19 19 19 19 21 21 21 21 19 19 19 19 21 21 21 21 19 19 19 19 17 17
ch151 21 21 21 21 19 19 19 19 21 21 21 21 19 19 19 19 21 21 21 21 19 19 19 19 21 21 21 21 19 19 19 19 21 21 21 21 19 19 19 19 21 21 21 21 19 19 19 19 17 17
ch153 21 21 21 21 19 19 19 19 21 21 21 21 19 19 19 19 21 21 21 21 19 19 19 19 21 21 21 21 19 19 19 19 21 21 21 21 19 19 19 19 21 21 21 21 19 19 19 19 17 17
ch155 21 21 21 21 19 19 19 19 21 21 21 21 19 19 19 19 21 21 21 21 19 19 19 19 21 21 21 21 19 19 19 19 21 21 21 21 19 19 19 19 21 21 21 21 19 19 19 19 17 17
ch157 21 21 21 21 19 19 19 19 21 21 21 21 19 19 19 19 21 21 21 21 19 19 19 19 21 21 21 21 19 19 19 19 21 21 21 21 19 19 19 19 21 21 21 21 19 19 19 19 17 17
ch159 21 21 21 21 19 19 19 19 21 21 21 21 19 19 19 19 21 21 21 21 19 19 19 19 21 21 21 21 19 19 19 19 21 21 21 21 19 19 19 19 21 21 21 21 19 19 19 19 17 17
ch161 21 21 21 21 19 19 19 19 21 21 21 21 19 19 19 19 21 21 21 21 19 19 19 19 21 21 21 21 19 19 19 19 21 21 21 21 19 19 19 19 21 21 21 21 19 19 19 19 17 17
ch165 21 21 21 21 19 19 19 19 21 21 21 21 19 19 19 19 21 21 21 21 19 19 19 19 21 21 21 21 19 19 19 19 21 21 21 21 19 19 19 19 21 21 21 21 19 19 19 19 17 17
ch169 21 21 21 21 19 19 19 19 21 21 21 21 19 19 19 19 21 21 21 21 19 19 19 19 21 21 21 21 19 19 19 19 21 21 21 21 19 19 19 19 21 21 21 21 19 19 19 19 17 17
ch173 21 21 21 21 19 19 19 19 21 21 21 21 19 19 19 19 21 21 21 21 19 19 19 19 21 21 21 21 19 19 19 19 21 21 21 21 19 19 19 19 21 21 21 21 19 19 19 19 17 17


